145,1,299,55,52,226,-1,-1,-1,-1
146,1,296,33,55,251,-1,-1,-1,-1
147,1,297,41,54,240,-1,-1,-1,-1
148,1,300,49,51,227,-1,-1,-1,-1
149,1,300,49,51,230,-1,-1,-1,-1
150,1,298,34,53,253,-1,-1,-1,-1
151,1,300,43,51,240,-1,-1,-1,-1
152,1,298,39,53,245,-1,-1,-1,-1
153,1,296,46,55,229,-1,-1,-1,-1
154,1,293,52,52,218,-1,-1,-1,-1
155,1,289,60,51,208,-1,-1,-1,-1
156,1,283,56,53,219,-1,-1,-1,-1
157,1,276,55,55,220,-1,-1,-1,-1
158,1,267,56,57,217,-1,-1,-1,-1
159,1,261,59,59,211,-1,-1,-1,-1
160,1,257,60,62,210,-1,-1,-1,-1
161,1,252,58,66,214,-1,-1,-1,-1
162,1,249,59,68,212,-1,-1,-1,-1
163,1,246,58,71,214,-1,-1,-1,-1
164,1,243,55,74,219,-1,-1,-1,-1
165,1,241,58,73,213,-1,-1,-1,-1
166,1,233,60,72,208,-1,-1,-1,-1
167,1,230,63,67,200,-1,-1,-1,-1
168,1,226,61,66,204,-1,-1,-1,-1
169,1,219,54,68,218,-1,-1,-1,-1
170,1,216,57,63,213,-1,-1,-1,-1
171,1,211,56,62,215,-1,-1,-1,-1
172,1,209,62,57,200,-1,-1,-1,-1
173,1,200,63,57,197,-1,-1,-1,-1
174,1,193,62,59,199,-1,-1,-1,-1
175,1,190,63,60,198,-1,-1,-1,-1
176,1,187,64,62,195,-1,-1,-1,-1
177,1,185,66,64,192,-1,-1,-1,-1
178,1,180,65,66,195,-1,-1,-1,-1
179,1,178,66,68,195,-1,-1,-1,-1
180,1,174,63,70,200,-1,-1,-1,-1
181,1,169,62,71,202,-1,-1,-1,-1
182,1,165,60,70,204,-1,-1,-1,-1
183,1,163,63,65,196,-1,-1,-1,-1
184,1,161,63,62,195,-1,-1,-1,-1
185,1,156,62,62,198,-1,-1,-1,-1
186,1,153,63,59,196,-1,-1,-1,-1
187,1,150,62,58,198,-1,-1,-1,-1
188,1,149,65,55,190,-1,-1,-1,-1
189,1,144,65,54,189,-1,-1,-1,-1
190,1,134,66,56,187,-1,-1,-1,-1
191,1,128,67,59,188,-1,-1,-1,-1
192,1,124,68,61,186,-1,-1,-1,-1
193,1,121,67,63,188,-1,-1,-1,-1
194,1,117,65,66,192,-1,-1,-1,-1
195,1,115,65,68,192,-1,-1,-1,-1
196,1,113,63,69,195,-1,-1,-1,-1
197,1,111,63,68,193,-1,-1,-1,-1
198,1,108,67,64,184,-1,-1,-1,-1
199,1,107,69,60,180,-1,-1,-1,-1
200,1,101,70,58,177,-1,-1,-1,-1
201,1,95,69,58,181,-1,-1,-1,-1
202,1,87,62,61,197,-1,-1,-1,-1
203,1,83,58,61,204,-1,-1,-1,-1
204,1,81,56,60,207,-1,-1,-1,-1
205,1,80,61,57,198,-1,-1,-1,-1
206,1,78,67,54,184,-1,-1,-1,-1
207,1,76,70,52,178,-1,-1,-1,-1
208,1,76,76,48,165,-1,-1,-1,-1
209,1,73,73,50,169,-1,-1,-1,-1
210,1,72,70,50,174,-1,-1,-1,-1
211,1,71,71,50,173,-1,-1,-1,-1
212,1,67,70,51,174,-1,-1,-1,-1
213,1,65,63,51,182,-1,-1,-1,-1
214,1,64,63,49,176,-1,-1,-1,-1
215,1,61,61,47,174,-1,-1,-1,-1
216,1,58,58,47,176,-1,-1,-1,-1
217,1,55,59,46,172,-1,-1,-1,-1
218,1,53,59,44,168,-1,-1,-1,-1
219,1,52,61,42,162,-1,-1,-1,-1
220,1,51,62,40,158,-1,-1,-1,-1
221,1,48,61,41,159,-1,-1,-1,-1
222,1,45,62,41,158,-1,-1,-1,-1
223,1,43,62,42,158,-1,-1,-1,-1
224,1,42,61,42,159,-1,-1,-1,-1
225,1,40,60,43,161,-1,-1,-1,-1
226,1,38,59,43,162,-1,-1,-1,-1
227,1,36,59,43,159,-1,-1,-1,-1
228,1,34,58,43,158,-1,-1,-1,-1
229,1,31,53,43,163,-1,-1,-1,-1
230,1,28,52,42,159,-1,-1,-1,-1
231,1,26,52,41,155,-1,-1,-1,-1
232,1,24,51,40,154,-1,-1,-1,-1
233,1,23,52,39,152,-1,-1,-1,-1
234,1,21,52,40,153,-1,-1,-1,-1
235,1,19,51,39,155,-1,-1,-1,-1
236,1,17,48,40,161,-1,-1,-1,-1
237,1,16,50,39,157,-1,-1,-1,-1
238,1,15,52,38,153,-1,-1,-1,-1
239,1,13,52,38,151,-1,-1,-1,-1
240,1,12,52,38,151,-1,-1,-1,-1
241,1,10,50,39,155,-1,-1,-1,-1
242,1,9,50,38,156,-1,-1,-1,-1
243,1,9,49,37,156,-1,-1,-1,-1
244,1,7,45,38,162,-1,-1,-1,-1
245,1,6,45,37,159,-1,-1,-1,-1
246,1,6,47,35,152,-1,-1,-1,-1
247,1,5,45,34,150,-1,-1,-1,-1
248,1,4,44,34,148,-1,-1,-1,-1
249,1,3,44,33,146,-1,-1,-1,-1
250,1,3,45,32,144,-1,-1,-1,-1
251,1,3,47,31,141,-1,-1,-1,-1
252,1,3,48,30,138,-1,-1,-1,-1
253,1,2,48,30,140,-1,-1,-1,-1
254,1,1,46,30,143,-1,-1,-1,-1
255,1,0,47,30,143,-1,-1,-1,-1
256,1,0,48,28,142,-1,-1,-1,-1
257,1,0,49,27,139,-1,-1,-1,-1
258,1,0,52,26,140,-1,-1,-1,-1
259,1,0,54,25,139,-1,-1,-1,-1
260,1,0,57,24,136,-1,-1,-1,-1
261,1,0,56,21,140,-1,-1,-1,-1
262,1,0,55,19,142,-1,-1,-1,-1
263,1,0,56,18,141,-1,-1,-1,-1
